%YAML:1.0
K1: !!opencv-matrix
   rows: 3
   cols: 3
   dt: d
   data: [ 2.5243135063988959e+02, 0., 3.3148802812022228e+02, 0.,
       2.4947929621383753e+02, 2.2534212223719953e+02, 0., 0., 1. ]
K2: !!opencv-matrix
   rows: 3
   cols: 3
   dt: d
   data: [ 2.5224655288519250e+02, 0., 2.9896227727684982e+02, 0.,
       2.4890040931038880e+02, 2.4165410275575792e+02, 0., 0., 1. ]
D1: [ 1.1091895699788549e-02, -5.4174659783733779e-02,
    7.0413610703438698e-02, -3.7657513419802731e-02 ]
D2: [ 6.9215732054250367e-03, 1.6771711429985157e-02,
    -7.6791649469979725e-02, 3.8070056284467364e-02 ]
R: !!opencv-matrix
   rows: 3
   cols: 3
   dt: d
   data: [ 9.9977736651567883e-01, -8.5554197092826099e-03,
       1.9287876932722530e-02, 8.5469447923983075e-03,
       9.9996333806633064e-01, 5.2178343883780697e-04,
       -1.9291633878174407e-02, -3.5681485306617819e-04,
       9.9981383544411462e-01 ]
T: [ 3.7418106037335537e-02, -3.0501372620862083e-04,
    1.8056474980172909e-04 ]
R1: !!opencv-matrix
   rows: 3
   cols: 3
   dt: d
   data: [ 9.9956975603746401e-01, -1.6707594038382043e-02,
       2.4107241995994143e-02, 1.6701598227030410e-02,
       9.9986041729383368e-01, 4.5005073437756903e-04,
       -2.4111396306884796e-02, -4.7227632587409322e-05,
       9.9970927690888378e-01 ]
R2: !!opencv-matrix
   rows: 3
   cols: 3
   dt: d
   data: [ 9.9995513633599209e-01, -8.1511352250441208e-03,
       4.8253818305337877e-03, 8.1523348945536540e-03,
       9.9996674294454735e-01, -2.2899921517720875e-04,
       -4.8233547489733315e-03, 2.6832707010993685e-04,
       9.9998833155669831e-01 ]
P1: !!opencv-matrix
   rows: 3
   cols: 4
   dt: d
   data: [ 1.4504745067114436e+02, 0., 3.1214413938586165e+02, 0., 0.,
       1.4504745067114436e+02, 2.3812785076333950e+02, 0., 0., 0., 1.,
       0. ]
P2: !!opencv-matrix
   rows: 3
   cols: 4
   dt: d
   data: [ 1.4504745067114436e+02, 0., 3.1214413938586165e+02,
       5.4276443936725078e+00, 0., 1.4504745067114436e+02,
       2.3812785076333950e+02, 0., 0., 0., 1., 0. ]
Q: !!opencv-matrix
   rows: 4
   cols: 4
   dt: d
   data: [ 1., 0., 0., -3.1214413938586165e+02, 0., 1., 0.,
       -2.3812785076333950e+02, 0., 0., 0., 1.4504745067114436e+02, 0.,
       0., -2.6723830846442187e+01, 0. ]
